0.12217143299012229 -0.06499701438324278 5.242640978924388E-17
0.12217143299012216 -0.06499701438324292 -2.825021266714683E-17
0.1221714329901222 -0.06499701438324286 1.309142413737749E-18
0.1221714329901222 -0.06499701438324285 5.3420138136393794E-18
0.04720373018285988 0.16034131936089976 5.477296572770778E-17
0.1221714329901222 -0.06499701438324285 1.3808434863051312E-18
0.1221714329901222 -0.06499701438324285 1.3808434863051312E-18
0.04720373018285988 0.16034131936089976 5.477296572770778E-17
0.04720373018285988 0.16034131936089976 5.477296572770778E-17
0.04720373018285988 0.16034131936089976 5.477296572770778E-17
0.1221714329901222 -0.06499701438324285 1.3808434863051312E-18
0.04720373018285988 0.16034131936089976 5.477296572770778E-17
0.04720373018285988 0.16034131936089976 5.477296572770778E-17
-3.542640029403204E-18 -2.177893094679766E-17 0.408248290463863
0.1221714329901222 -0.06499701438324285 1.3808434863051312E-18
0.5977761468138074 0.08603484981929545 -1.9444007970962096E-17
0.2443428659802444 -0.1299940287664857 2.7616869726102624E-18
0.1221714329901222 -0.06499701438324285 1.3808434863051312E-18
0.1221714329901222 -0.06499701438324285 1.3808434863051312E-18
0.1221714329901222 -0.06499701438324285 1.3808434863051312E-18
0.04720373018285988 0.16034131936089976 5.477296572770778E-17
0.1221714329901222 -0.06499701438324285 1.3808434863051312E-18
0.1221714329901222 -0.06499701438324285 1.3808434863051312E-18
0.1221714329901222 -0.06499701438324285 1.3808434863051312E-18
0.1221714329901222 -0.06499701438324285 1.3808434863051312E-18
0.04720373018285988 0.16034131936089976 5.477296572770778E-17
0.04720373018285988 0.16034131936089976 5.477296572770778E-17
0.04720373018285988 0.16034131936089976 5.477296572770778E-17
-3.542640029403204E-18 -2.177893094679766E-17 0.408248290463863
-3.542640029403204E-18 -2.177893094679766E-17 0.408248290463863
0.04720373018285988 0.16034131936089976 5.477296572770778E-17
0.0618866846704587 0.18568158799136716 -2.383766757867842E-16
0.0618866846704587 0.18568158799136716 -2.383766757867842E-16
0.1221714329901222 -0.06499701438324285 1.3808434863051312E-18
0.1221714329901222 -0.06499701438324285 1.3808434863051312E-18
0.1221714329901222 -0.06499701438324285 1.3808434863051312E-18
0.1221714329901222 -0.06499701438324285 1.3808434863051312E-18
0.1221714329901222 -0.06499701438324285 1.3808434863051312E-18
0.1221714329901222 -0.06499701438324285 1.3808434863051312E-18
0.1221714329901222 -0.06499701438324285 1.3808434863051312E-18
0.1221714329901222 -0.06499701438324285 1.3808434863051312E-18
0.1221714329901222 -0.06499701438324285 1.3808434863051312E-18
0.1221714329901222 -0.06499701438324285 1.3808434863051312E-18
0.1221714329901222 -0.06499701438324285 1.3808434863051312E-18
0.1221714329901222 -0.06499701438324285 1.3808434863051312E-18
-3.542640029403204E-18 -2.177893094679766E-17 0.408248290463863
0.2443428659802444 -0.1299940287664857 2.7616869726102624E-18
0.04720373018285988 0.16034131936089976 5.477296572770778E-17
0.09440746036571976 0.32068263872179953 1.0954593145541556E-16
0.04720373018285988 0.16034131936089976 5.477296572770778E-17
0.09440746036571976 0.32068263872179953 1.0954593145541556E-16
0.04720373018285988 0.16034131936089976 5.477296572770778E-17
-3.542640029403204E-18 -2.177893094679766E-17 0.408248290463863
0.04720373018285988 0.16034131936089976 5.477296572770778E-17
0.1221714329901222 -0.06499701438324285 1.3808434863051312E-18
0.1221714329901222 -0.06499701438324285 1.3808434863051312E-18
0.04720373018285988 0.16034131936089976 5.477296572770778E-17
0.04720373018285988 0.16034131936089976 5.477296572770778E-17
0.04720373018285988 0.16034131936089976 5.477296572770778E-17
-3.542640029403204E-18 -2.177893094679766E-17 0.408248290463863
0.1221714329901222 -0.06499701438324285 1.3808434863051312E-18
0.0618866846704587 0.18568158799136716 -2.383766757867842E-16
0.0618866846704587 0.18568158799136716 -2.383766757867842E-16
0.04720373018285988 0.16034131936089976 5.477296572770778E-17
