0.027974648418194317 -0.20403148657011722 0.042774163517064014
0.027974648418194185 -0.20403148657011727 0.04277416351706375
0.027974648418194317 -0.20403148657011722 0.04277416351706401
0.15542642083687436 0.04100817193777723 0.05361010744598247
0.027974648418194296 -0.20403148657011722 0.04277416351706398
0.027974648418194296 -0.20403148657011722 0.04277416351706398
0.15542642083687436 0.04100817193777723 0.05361010744598247
0.15542642083687436 0.04100817193777723 0.05361010744598247
0.15542642083687436 0.04100817193777723 0.05361010744598247
0.15542642083687436 0.04100817193777723 0.05361010744598247
0.15542642083687436 0.04100817193777723 0.05361010744598247
0.02924257725139015 -0.02258575411085225 -0.2887987713489024
0.027974648418194296 -0.20403148657011722 0.04277416351706398
0.42883257930063123 -0.1673636381783245 -0.4619877191940097
0.027974648418194296 -0.20403148657011722 0.04277416351706398
0.027974648418194296 -0.20403148657011722 0.04277416351706398
0.027974648418194296 -0.20403148657011722 0.04277416351706398
0.027974648418194296 -0.20403148657011722 0.04277416351706398
0.15542642083687436 0.04100817193777723 0.05361010744598247
0.027974648418194296 -0.20403148657011722 0.04277416351706398
0.027974648418194296 -0.20403148657011722 0.04277416351706398
0.15542642083687436 0.04100817193777723 0.05361010744598247
0.15542642083687436 0.04100817193777723 0.05361010744598247
0.15542642083687436 0.04100817193777723 0.05361010744598247
0.02924257725139015 -0.02258575411085225 -0.2887987713489024
0.02924257725139015 -0.02258575411085225 -0.2887987713489024
0.15542642083687436 0.04100817193777723 0.05361010744598247
0.02924257725139015 -0.02258575411085225 -0.2887987713489024
0.18694635554278236 0.04083118467572003 0.01922555254074862
0.18694635554278236 0.04083118467572003 0.01922555254074862
0.027974648418194296 -0.20403148657011722 0.04277416351706398
0.027974648418194296 -0.20403148657011722 0.04277416351706398
0.027974648418194296 -0.20403148657011722 0.04277416351706398
0.027974648418194296 -0.20403148657011722 0.04277416351706398
0.027974648418194296 -0.20403148657011722 0.04277416351706398
0.027974648418194296 -0.20403148657011722 0.04277416351706398
0.027974648418194296 -0.20403148657011722 0.04277416351706398
0.027974648418194296 -0.20403148657011722 0.04277416351706398
0.02924257725139015 -0.02258575411085225 -0.2887987713489024
0.02924257725139015 -0.02258575411085225 -0.2887987713489024
0.027974648418194296 -0.20403148657011722 0.04277416351706398
0.15542642083687436 0.04100817193777723 0.05361010744598247
0.3108528416737487 0.08201634387555445 0.10722021489196494
0.15542642083687436 0.04100817193777723 0.05361010744598247
0.3108528416737487 0.08201634387555445 0.10722021489196494
0.15542642083687436 0.04100817193777723 0.05361010744598247
0.02924257725139015 -0.02258575411085225 -0.2887987713489024
0.15542642083687436 0.04100817193777723 0.05361010744598247
0.027974648418194296 -0.20403148657011722 0.04277416351706398
0.15542642083687436 0.04100817193777723 0.05361010744598247
0.15542642083687436 0.04100817193777723 0.05361010744598247
0.15542642083687436 0.04100817193777723 0.05361010744598247
0.02924257725139015 -0.02258575411085225 -0.2887987713489024
0.18694635554278236 0.04083118467572003 0.01922555254074862
0.18694635554278236 0.04083118467572003 0.01922555254074862
0.15542642083687436 0.04100817193777723 0.05361010744598247
